{
  "data": [
    {
      "colorscale": [
        [
          0.0,
          "#440154"
        ],
        [
          0.1111111111111111,
          "#482878"
        ],
        [
          0.2222222222222222,
          "#3e4989"
        ],
        [
          0.3333333333333333,
          "#31688e"
        ],
        [
          0.4444444444444444,
          "#26828e"
        ],
        [
          0.5555555555555556,
          "#1f9e89"
        ],
        [
          0.6666666666666666,
          "#35b779"
        ],
        [
          0.7777777777777778,
          "#6ece58"
        ],
        [
          0.8888888888888888,
          "#b5de2b"
        ],
        [
          1.0,
          "#fde725"
        ]
      ],
      "text": [
        [
          1.0,
          -0.0277542977475147,
          -0.4428919848051197,
          -0.3307392827148637,
          0.04126776980664905,
          -0.17161433842395094,
          -0.10990410078828534,
          0.3028179078340173,
          -0.3689232561973354,
          -0.05299342618291948,
          0.0899839283253039,
          -0.07348956202926235,
          0.025379660785413774,
          0.10947548583420406,
          0.3307392827148637,
          -0.027271663670096757,
          0.4308555696811518,
          0.0800923744118971,
          0.2913563621943671,
          0.16951201710697905,
          -0.08741052702790152,
          -0.014257442629940026,
          -0.1194120185450201,
          0.0658968172244537,
          0.059199420096983736,
          -0.15369145124921113,
          0.14136037210697758,
          -0.1264837718522569,
          0.03846037811434382,
          -0.23708095682397132,
          0.1023935162637952
        ],
        [
          -0.0277542977475147,
          1.0,
          -0.23619945823493885,
          -0.18579139164964376,
          0.015729254896767315,
          -0.18056216146655152,
          -0.1166844630336367,
          -0.2903595849985732,
          -0.24233442410028044,
          0.44317438425444466,
          -0.14570276758291548,
          0.15814797262222444,
          0.017523788749167653,
          -0.003071142169142084,
          0.18579139164964373,
          -7.33843152516705e-05,
          -0.21072509014798635,
          -0.005967782113930179,
          -0.31842859425582465,
          0.019644004121523614,
          0.17604518126649077,
          -0.08596300392908525,
          -0.015547426952756044,
          -0.051808802229179475,
          -0.019240732408581703,
          0.009217439809849877,
          -0.019855791139938912,
          -0.07875995826009265,
          0.020056175706375728,
          0.16573613047811553,
          -0.04220885206489006
        ],
        [
          -0.4428919848051197,
          -0.23619945823493885,
          1.0,
          0.8730284396454078,
          -0.09521097074009498,
          0.42793281355396506,
          0.3440921468632388,
          -0.1756597200500445,
          0.982760403975962,
          -0.1628113897202061,
          0.06539904634319042,
          -0.09015681851128357,
          -0.01259499486379074,
          -0.5650498313384714,
          -0.8730284396454077,
          0.04256431855099934,
          -0.4955483432958991,
          -0.3047826914577493,
          0.09253085328711223,
          -0.6175372266548209,
          -0.004939984602813621,
          0.2179322002049017,
          -0.13323703421678873,
          0.23985831302133095,
          0.10400418755713928,
          -0.052111833444256496,
          0.10879401053863504,
          0.4212512814195054,
          0.023605593233020146,
          0.0530721499836081,
          0.16483116819691385
        ],
        [
          -0.3307392827148637,
          -0.18579139164964376,
          0.8730284396454078,
          1.0,
          -0.08468977561052543,
          0.4896067684281739,
          0.32053127809254794,
          -0.06051381891724299,
          0.8952741384921797,
          -0.11829598546576321,
          0.30728024369574275,
          0.13761800985819575,
          0.017417246093699507,
          -0.880098145321546,
          -1.0,
          0.08899231528947799,
          -0.34411338894556054,
          -0.29978038676665386,
          0.025364374458780644,
          -0.8987717686994328,
          0.08671796935378687,
          0.14434836031811574,
          -0.12590796597447965,
          0.18391733050085793,
          0.022013732579269408,
          -0.05676104653784784,
          0.052315953163458884,
          0.4092753677779577,
          -0.04543264523090767,
          0.03352375522376207,
          0.09226921392915337
        ],
        [
          0.04126776980664905,
          0.015729254896767315,
          -0.09521097074009498,
          -0.08468977561052543,
          1.0,
          -0.07804342774474936,
          -0.06686888577722912,
          0.013313554138248682,
          -0.10535255394354491,
          -0.0006666414310277341,
          -0.026620832246690682,
          -0.0023403016317644757,
          0.026459692750556166,
          0.0716377853388884,
          0.08468977561052544,
          0.03267475064105747,
          0.09639786191199086,
          0.10396154618646854,
          0.020730536582027385,
          0.06786439151030255,
          0.02430406225176924,
          -0.06456904052114176,
          0.10294708154858387,
          -0.11199662330955433,
          -0.029215657255367976,
          0.06109011805743732,
          -0.060311007082883936,
          -0.11065719458338213,
          -0.021337785955308344,
          -0.00622225355374488,
          -0.09048608814501508
        ],
        [
          -0.17161433842395094,
          -0.18056216146655152,
          0.42793281355396506,
          0.4896067684281739,
          -0.07804342774474936,
          1.0,
          0.6656699869739897,
          0.1261613777689068,
          0.47457335223052083,
          -0.14369854260059994,
          0.3366276452550692,
          -0.05820824285702919,
          0.0057902478983263405,
          -0.5137723352132436,
          -0.48960676842817397,
          0.11975878185073827,
          -0.16269688813404182,
          -0.1898607698170473,
          0.1404704112012052,
          -0.5087112378938774,
          -0.006383292138725364,
          0.2760577292073104,
          -0.08155235292128976,
          0.2502047319079689,
          0.10871818383527589,
          -0.05417523959502313,
          0.11353388922574797,
          0.5859382188480509,
          -0.06592621723248271,
          -0.030475006528696794,
          0.17068709577505714
        ],
        [
          -0.10990410078828534,
          -0.1166844630336367,
          0.3440921468632388,
          0.32053127809254794,
          -0.06686888577722912,
          0.6656699869739897,
          1.0,
          0.027373578857183986,
          0.3625345168859879,
          -0.13058815489311731,
          0.05653106762724184,
          -0.04781809991054349,
          0.014691123977848266,
          -0.3066835095175146,
          -0.32053127809254783,
          0.08644422109171318,
          -0.14221983214965425,
          -0.14966127776476354,
          0.0357485182238011,
          -0.3154599349667369,
          -0.009761908264648945,
          0.5802198947226763,
          -0.10450571679088001,
          0.4832274118820038,
          0.36012031688877416,
          -0.09145309142161137,
          0.3197135760453133,
          0.7975097837834374,
          0.6352709871586582,
          -0.010041805137794041,
          0.3914449485323825
        ],
        [
          0.3028179078340173,
          -0.2903595849985732,
          -0.1756597200500445,
          -0.06051381891724299,
          0.013313554138248682,
          0.1261613777689068,
          0.027373578857183986,
          1.0,
          -0.11160474156328334,
          -0.26269956634244573,
          0.27934194067555246,
          -0.2621447648485481,
          0.007612637313849028,
          0.13202962799445184,
          0.060513818917242945,
          0.04564110907437115,
          0.5900978567568209,
          0.0709687151555872,
          0.7909092365127424,
          0.2212588028753131,
          -0.25046660394928283,
          0.007082771966685665,
          0.025852405513326925,
          -0.011397320358505764,
          0.0427845434823402,
          -0.002870284639729286,
          0.03286362607429108,
          -0.023972626277800158,
          -0.08160654513352836,
          -0.4124299325074341,
          -0.009675546581730804
        ],
        [
          -0.3689232561973354,
          -0.24233442410028044,
          0.982760403975962,
          0.8952741384921797,
          -0.10535255394354491,
          0.47457335223052083,
          0.3625345168859879,
          -0.11160474156328334,
          1.0,
          -0.165266193235369,
          0.13583125195471996,
          -0.061281812633033235,
          -0.011780593807560493,
          -0.616837114710163,
          -0.8952741384921795,
          0.03787333262212223,
          -0.4892914148401944,
          -0.3026170875358561,
          0.18621500707024322,
          -0.6455355115327881,
          0.01414975799060121,
          0.20302723078540375,
          -0.14531264563067295,
          0.23700856631648806,
          0.08718623975180353,
          -0.058533415560466394,
          0.10071112411824115,
          0.4326832345072393,
          0.007808538797328747,
          0.05640999727257868,
          0.15857386778297544
        ],
        [
          -0.05299342618291948,
          0.44317438425444466,
          -0.1628113897202061,
          -0.11829598546576321,
          -0.0006666414310277341,
          -0.14369854260059994,
          -0.13058815489311731,
          -0.26269956634244573,
          -0.165266193235369,
          1.0,
          -0.10047798158022361,
          0.1404371066313407,
          -0.003479263204767755,
          0.05256367014896028,
          0.11829598546576318,
          0.01958487077426957,
          -0.16780935319631,
          0.04874304259028771,
          -0.28602699926732217,
          0.06491529627604811,
          0.2502011068853692,
          -0.13300088127798035,
          0.06772015739811925,
          -0.13867098045775544,
          -0.09262175292938567,
          0.09545353431005675,
          -0.12829820128840913,
          -0.1219619579278792,
          -0.03005259041496731,
          0.1759891583907024,
          -0.11713191162009173
        ],
        [
          0.0899839283253039,
          -0.14570276758291548,
          0.06539904634319042,
          0.30728024369574275,
          -0.026620832246690682,
          0.3366276452550692,
          0.05653106762724184,
          0.27934194067555246,
          0.13583125195471996,
          -0.10047798158022361,
          1.0,
          -0.014086287143912472,
          0.05480704128872557,
          -0.42016685012725796,
          -0.3072802436957427,
          0.04209201932729047,
          0.09061587383033623,
          -0.052918996067668984,
          0.3186016733010528,
          -0.3276760178920051,
          -0.028117353916160652,
          -0.17172110826148335,
          0.06873648517320236,
          -0.16712006472337046,
          -0.22895895135917094,
          0.11419707581513988,
          -0.23916787163436695,
          0.0722116796667775,
          -0.22671883226700915,
          -0.10941759482022641,
          -0.21919208805819418
        ],
        [
          -0.07348956202926235,
          0.15814797262222444,
          -0.09015681851128357,
          0.13761800985819575,
          -0.0023403016317644757,
          -0.05820824285702919,
          -0.04781809991054349,
          -0.2621447648485481,
          -0.061281812633033235,
          0.1404371066313407,
          -0.014086287143912472,
          1.0,
          -0.01742260430839825,
          -0.1990894702691963,
          -0.13761800985819583,
          0.01696446884711814,
          -0.25545179821717945,
          -0.09212298972914229,
          -0.23808280661317696,
          -0.1894952679025743,
          0.42640105068673784,
          -0.05124880715015772,
          -0.04089146151325237,
          -0.010725402470829272,
          -0.020647115450776847,
          0.00870076520437327,
          -0.020544730057684646,
          0.022442793785957867,
          0.0035580857646777962,
          0.1640429618532685,
          -0.019707962118153687
        ],
        [
          0.025379660785413774,
          0.017523788749167653,
          -0.01259499486379074,
          0.017417246093699507,
          0.026459692750556166,
          0.0057902478983263405,
          0.014691123977848266,
          0.007612637313849028,
          -0.011780593807560493,
          -0.003479263204767755,
          0.05480704128872557,
          -0.01742260430839825,
          1.0,
          -0.04002070723723799,
          -0.01741724609369951,
          -0.01821046662323277,
          -0.006426690462119587,
          0.024525674085971734,
          0.041911171488577724,
          -0.019775980422415237,
          0.002937084761215824,
          -0.011345313956540086,
          0.027944669175441483,
          -0.02592670272151796,
          -0.0032500125536754276,
          0.033090865531628454,
          -0.023549808295875944,
          -0.004629476452447344,
          0.013333831250516494,
          0.038356040909724234,
          -0.0284642390192714
        ],
        [
          0.10947548583420406,
          -0.003071142169142084,
          -0.5650498313384714,
          -0.880098145321546,
          0.0716377853388884,
          -0.5137723352132436,
          -0.3066835095175146,
          0.13202962799445184,
          -0.616837114710163,
          0.05256367014896028,
          -0.42016685012725796,
          -0.1990894702691963,
          -0.04002070723723799,
          1.0,
          0.8800981453215461,
          -0.10019468936639661,
          0.42189291866588347,
          0.31360194672722297,
          -0.15730380729419613,
          0.9815630130358811,
          -0.13880493629156426,
          -0.11789425594589191,
          0.18711619124413392,
          -0.20335060812346475,
          0.0050497209454804185,
          0.109246121157769,
          -0.06630487717838822,
          -0.4007293731649039,
          0.07829136571297132,
          0.00985029463832481,
          -0.10825604645273655
        ],
        [
          0.3307392827148637,
          0.18579139164964373,
          -0.8730284396454077,
          -1.0,
          0.08468977561052544,
          -0.48960676842817397,
          -0.32053127809254783,
          0.060513818917242945,
          -0.8952741384921795,
          0.11829598546576318,
          -0.3072802436957427,
          -0.13761800985819583,
          -0.01741724609369951,
          0.8800981453215461,
          1.0,
          -0.08899231528947799,
          0.34411338894556054,
          0.2997803867666539,
          -0.025364374458780623,
          0.8987717686994325,
          -0.08671796935378688,
          -0.14434836031811576,
          0.12590796597447965,
          -0.1839173305008579,
          -0.022013732579269408,
          0.056761046537847824,
          -0.05231595316345885,
          -0.4092753677779576,
          0.04543264523090767,
          -0.03352375522376207,
          -0.09226921392915337
        ],
        [
          -0.027271663670096757,
          -7.33843152516705e-05,
          0.04256431855099934,
          0.08899231528947799,
          0.03267475064105747,
          0.11975878185073827,
          0.08644422109171318,
          0.04564110907437115,
          0.03787333262212223,
          0.01958487077426957,
          0.04209201932729047,
          0.01696446884711814,
          -0.01821046662323277,
          -0.10019468936639661,
          -0.08899231528947799,
          1.0,
          -0.025621569058644444,
          -0.07090457741894741,
          0.045338992230283794,
          -0.11320961275035778,
          0.018616501572111324,
          0.07781935397927112,
          -0.06463800194236476,
          0.09708557898740579,
          0.024902645455581095,
          -0.03479875864107969,
          0.04034510637537797,
          0.10431045191465037,
          0.0034924120080965476,
          -0.03990476908232691,
          0.07797181885350622
        ],
        [
          0.4308555696811518,
          -0.21072509014798635,
          -0.4955483432958991,
          -0.34411338894556054,
          0.09639786191199086,
          -0.16269688813404182,
          -0.14221983214965425,
          0.5900978567568209,
          -0.4892914148401944,
          -0.16780935319631,
          0.09061587383033623,
          -0.25545179821717945,
          -0.006426690462119587,
          0.42189291866588347,
          0.34411338894556054,
          -0.025621569058644444,
          1.0,
          0.43797011129418684,
          0.5538302100656278,
          0.4677295247228731,
          -0.25025122868628813,
          -0.06773368232817187,
          0.19036974120174713,
          -0.17000699700238486,
          -0.03577980927259929,
          0.16883642070112642,
          -0.1340771632019768,
          -0.36767402078720957,
          -0.027484252045042575,
          -0.4502023307445464,
          -0.10629450129262111
        ],
        [
          0.0800923744118971,
          -0.005967782113930179,
          -0.3047826914577493,
          -0.29978038676665386,
          0.10396154618646854,
          -0.1898607698170473,
          -0.14966127776476354,
          0.0709687151555872,
          -0.3026170875358561,
          0.04874304259028771,
          -0.052918996067668984,
          -0.09212298972914229,
          0.024525674085971734,
          0.31360194672722297,
          0.2997803867666539,
          -0.07090457741894741,
          0.43797011129418684,
          1.0,
          0.05763913037949222,
          0.34091604948530596,
          -0.07748322615536683,
          -0.1081122594120299,
          0.5854136474603219,
          -0.45086737795193915,
          -0.07479916388496564,
          0.3957749319589971,
          -0.3077149881384212,
          -0.7158675075161324,
          -0.01746168427586403,
          0.31779114922727825,
          -0.31430553030396247
        ],
        [
          0.2913563621943671,
          -0.31842859425582465,
          0.09253085328711223,
          0.025364374458780644,
          0.020730536582027385,
          0.1404704112012052,
          0.0357485182238011,
          0.7909092365127424,
          0.18621500707024322,
          -0.28602699926732217,
          0.3186016733010528,
          -0.23808280661317696,
          0.041911171488577724,
          -0.15730380729419613,
          -0.025364374458780623,
          0.045338992230283794,
          0.5538302100656278,
          0.05763913037949222,
          1.0,
          -0.08266153037536372,
          -0.24757964694517856,
          0.0020761760056786116,
          0.033365412372593925,
          -0.019782129833048005,
          -0.030067124629825515,
          0.047122950604812704,
          -0.051983176413405476,
          -0.009924907411710315,
          -0.07597507840991949,
          -0.4261321590439615,
          -0.011183076024539574
        ],
        [
          0.16951201710697905,
          0.019644004121523614,
          -0.6175372266548209,
          -0.8987717686994328,
          0.06786439151030255,
          -0.5087112378938774,
          -0.3154599349667369,
          0.2212588028753131,
          -0.6455355115327881,
          0.06491529627604811,
          -0.3276760178920051,
          -0.1894952679025743,
          -0.019775980422415237,
          0.9815630130358811,
          0.8987717686994325,
          -0.11320961275035778,
          0.4677295247228731,
          0.34091604948530596,
          -0.08266153037536372,
          1.0,
          -0.1320611480344195,
          -0.14994359517409417,
          0.19729448041606226,
          -0.23260084688169386,
          -0.0189846175200747,
          0.11662030679351632,
          -0.08845625495704837,
          -0.4232458187249576,
          0.06729594242770101,
          0.008250115454681184,
          -0.13672522511375754
        ],
        [
          -0.08741052702790152,
          0.17604518126649077,
          -0.004939984602813621,
          0.08671796935378687,
          0.02430406225176924,
          -0.006383292138725364,
          -0.009761908264648945,
          -0.25046660394928283,
          0.01414975799060121,
          0.2502011068853692,
          -0.028117353916160652,
          0.42640105068673784,
          0.002937084761215824,
          -0.13880493629156426,
          -0.08671796935378688,
          0.018616501572111324,
          -0.25025122868628813,
          -0.07748322615536683,
          -0.24757964694517856,
          -0.1320611480344195,
          1.0,
          -0.017872958315148034,
          -0.03538850716029415,
          0.009729915067490892,
          -0.012950388088163754,
          0.00018265916792495882,
          -0.009508000406223927,
          0.04038482005331764,
          0.002068567301861127,
          0.1569490437411189,
          -0.018961662414911425
        ],
        [
          -0.014257442629940026,
          -0.08596300392908525,
          0.2179322002049017,
          0.14434836031811574,
          -0.06456904052114176,
          0.2760577292073104,
          0.5802198947226763,
          0.007082771966685665,
          0.20302723078540375,
          -0.13300088127798035,
          -0.17172110826148335,
          -0.05124880715015772,
          -0.011345313956540086,
          -0.11789425594589191,
          -0.14434836031811576,
          0.07781935397927112,
          -0.06773368232817187,
          -0.1081122594120299,
          0.0020761760056786116,
          -0.14994359517409417,
          -0.017872958315148034,
          1.0,
          -0.08517250776126052,
          0.7723030156725393,
          0.6882703415493878,
          -0.06825482250396343,
          0.5428153047449669,
          0.47571307844878097,
          0.47703489359031753,
          -0.03917477869801091,
          0.6364954838795579
        ],
        [
          -0.1194120185450201,
          -0.015547426952756044,
          -0.13323703421678873,
          -0.12590796597447965,
          0.10294708154858387,
          -0.08155235292128976,
          -0.10450571679088001,
          0.025852405513326925,
          -0.14531264563067295,
          0.06772015739811925,
          0.06873648517320236,
          -0.04089146151325237,
          0.027944669175441483,
          0.18711619124413392,
          0.12590796597447965,
          -0.06463800194236476,
          0.19036974120174713,
          0.5854136474603219,
          0.033365412372593925,
          0.19729448041606226,
          -0.03538850716029415,
          -0.08517250776126052,
          1.0,
          -0.6987249307239627,
          -0.08095683728253582,
          0.6974309505752718,
          -0.5053758990334332,
          -0.4310075389144004,
          -0.05905484496432772,
          0.24657221604935117,
          -0.5057989475262172
        ],
        [
          0.0658968172244537,
          -0.051808802229179475,
          0.23985831302133095,
          0.18391733050085793,
          -0.11199662330955433,
          0.2502047319079689,
          0.4832274118820038,
          -0.011397320358505764,
          0.23700856631648806,
          -0.13867098045775544,
          -0.16712006472337046,
          -0.010725402470829272,
          -0.02592670272151796,
          -0.20335060812346475,
          -0.1839173305008579,
          0.09708557898740579,
          -0.17000699700238486,
          -0.45086737795193915,
          -0.019782129833048005,
          -0.23260084688169386,
          0.009729915067490892,
          0.7723030156725393,
          -0.6987249307239627,
          1.0,
          0.5401145049307421,
          -0.49459967703428676,
          0.7084322572158646,
          0.6163597020755518,
          0.38016247122425506,
          -0.185300102151855,
          0.7794862280817646
        ],
        [
          0.059199420096983736,
          -0.019240732408581703,
          0.10400418755713928,
          0.022013732579269408,
          -0.029215657255367976,
          0.10871818383527589,
          0.36012031688877416,
          0.0427845434823402,
          0.08718623975180353,
          -0.09262175292938567,
          -0.22895895135917094,
          -0.020647115450776847,
          -0.0032500125536754276,
          0.0050497209454804185,
          -0.022013732579269408,
          0.024902645455581095,
          -0.03577980927259929,
          -0.07479916388496564,
          -0.030067124629825515,
          -0.0189846175200747,
          -0.012950388088163754,
          0.6882703415493878,
          -0.08095683728253582,
          0.5401145049307421,
          1.0,
          -0.06887694380708255,
          0.7692655245433546,
          0.2937677424951217,
          0.3674634689486979,
          -0.05579585991180681,
          0.4368703903880576
        ],
        [
          -0.15369145124921113,
          0.009217439809849877,
          -0.052111833444256496,
          -0.05676104653784784,
          0.06109011805743732,
          -0.05417523959502313,
          -0.09145309142161137,
          -0.002870284639729286,
          -0.058533415560466394,
          0.09545353431005675,
          0.11419707581513988,
          0.00870076520437327,
          0.033090865531628454,
          0.109246121157769,
          0.056761046537847824,
          -0.03479875864107969,
          0.16883642070112642,
          0.3957749319589971,
          0.047122950604812704,
          0.11662030679351632,
          0.00018265916792495882,
          -0.06825482250396343,
          0.6974309505752718,
          -0.49459967703428676,
          -0.06887694380708255,
          1.0,
          -0.6903965293733683,
          -0.3015924460420101,
          -0.06215394650268334,
          0.335227179004538,
          -0.36078960449628233
        ],
        [
          0.14136037210697758,
          -0.019855791139938912,
          0.10879401053863504,
          0.052315953163458884,
          -0.060311007082883936,
          0.11353388922574797,
          0.3197135760453133,
          0.03286362607429108,
          0.10071112411824115,
          -0.12829820128840913,
          -0.23916787163436695,
          -0.020544730057684646,
          -0.023549808295875944,
          -0.06630487717838822,
          -0.05231595316345885,
          0.04034510637537797,
          -0.1340771632019768,
          -0.3077149881384212,
          -0.051983176413405476,
          -0.08845625495704837,
          -0.009508000406223927,
          0.5428153047449669,
          -0.5053758990334332,
          0.7084322572158646,
          0.7692655245433546,
          -0.6903965293733683,
          1.0,
          0.40618157875968314,
          0.3062738439193927,
          -0.2551568602946252,
          0.547865763512802
        ],
        [
          -0.1264837718522569,
          -0.07875995826009265,
          0.4212512814195054,
          0.4092753677779577,
          -0.11065719458338213,
          0.5859382188480509,
          0.7975097837834374,
          -0.023972626277800158,
          0.4326832345072393,
          -0.1219619579278792,
          0.0722116796667775,
          0.022442793785957867,
          -0.004629476452447344,
          -0.4007293731649039,
          -0.4092753677779576,
          0.10431045191465037,
          -0.36767402078720957,
          -0.7158675075161324,
          -0.009924907411710315,
          -0.4232458187249576,
          0.04038482005331764,
          0.47571307844878097,
          -0.4310075389144004,
          0.6163597020755518,
          0.2937677424951217,
          -0.3015924460420101,
          0.40618157875968314,
          1.0,
          0.45927658504123003,
          -0.20098544133555638,
          0.4682168000293051
        ],
        [
          0.03846037811434382,
          0.020056175706375728,
          0.023605593233020146,
          -0.04543264523090767,
          -0.021337785955308344,
          -0.06592621723248271,
          0.6352709871586582,
          -0.08160654513352836,
          0.007808538797328747,
          -0.03005259041496731,
          -0.22671883226700915,
          0.0035580857646777962,
          0.013333831250516494,
          0.07829136571297132,
          0.04543264523090767,
          0.0034924120080965476,
          -0.027484252045042575,
          -0.01746168427586403,
          -0.07597507840991949,
          0.06729594242770101,
          0.002068567301861127,
          0.47703489359031753,
          -0.05905484496432772,
          0.38016247122425506,
          0.3674634689486979,
          -0.06215394650268334,
          0.3062738439193927,
          0.45927658504123003,
          1.0,
          0.008594997474772128,
          0.3520332768473774
        ],
        [
          -0.23708095682397132,
          0.16573613047811553,
          0.0530721499836081,
          0.03352375522376207,
          -0.00622225355374488,
          -0.030475006528696794,
          -0.010041805137794041,
          -0.4124299325074341,
          0.05640999727257868,
          0.1759891583907024,
          -0.10941759482022641,
          0.1640429618532685,
          0.038356040909724234,
          0.00985029463832481,
          -0.03352375522376207,
          -0.03990476908232691,
          -0.4502023307445464,
          0.31779114922727825,
          -0.4261321590439615,
          0.008250115454681184,
          0.1569490437411189,
          -0.03917477869801091,
          0.24657221604935117,
          -0.185300102151855,
          -0.05579585991180681,
          0.335227179004538,
          -0.2551568602946252,
          -0.20098544133555638,
          0.008594997474772128,
          1.0,
          -0.1368901594830102
        ],
        [
          0.1023935162637952,
          -0.04220885206489006,
          0.16483116819691385,
          0.09226921392915337,
          -0.09048608814501508,
          0.17068709577505714,
          0.3914449485323825,
          -0.009675546581730804,
          0.15857386778297544,
          -0.11713191162009173,
          -0.21919208805819418,
          -0.019707962118153687,
          -0.0284642390192714,
          -0.10825604645273655,
          -0.09226921392915337,
          0.07797181885350622,
          -0.10629450129262111,
          -0.31430553030396247,
          -0.011183076024539574,
          -0.13672522511375754,
          -0.018961662414911425,
          0.6364954838795579,
          -0.5057989475262172,
          0.7794862280817646,
          0.4368703903880576,
          -0.36078960449628233,
          0.547865763512802,
          0.4682168000293051,
          0.3520332768473774,
          -0.1368901594830102,
          1.0
        ]
      ],
      "textfont": {
        "size": 10
      },
      "texttemplate": "%{text:.2f}",
      "x": [
        "home_clearances",
        "home_fouls_conceded",
        "home_passes",
        "home_possession",
        "home_red_cards",
        "home_shots",
        "home_shots_on_target",
        "home_tackles",
        "home_touches",
        "home_yellow_cards",
        "away_clearances",
        "away_fouls_conceded",
        "away_offsides",
        "away_passes",
        "away_possession",
        "away_red_cards",
        "away_shots",
        "away_shots_on_target",
        "away_tackles",
        "away_touches",
        "away_yellow_cards",
        "goal_home_ft",
        "goal_away_ft",
        "sg_match_ft",
        "goal_home_ht",
        "goal_away_ht",
        "sg_match_ht",
        "home_shots_diff",
        "shooting_accuracy_home",
        "shooting_accuracy_away",
        "win"
      ],
      "y": [
        "home_clearances",
        "home_fouls_conceded",
        "home_passes",
        "home_possession",
        "home_red_cards",
        "home_shots",
        "home_shots_on_target",
        "home_tackles",
        "home_touches",
        "home_yellow_cards",
        "away_clearances",
        "away_fouls_conceded",
        "away_offsides",
        "away_passes",
        "away_possession",
        "away_red_cards",
        "away_shots",
        "away_shots_on_target",
        "away_tackles",
        "away_touches",
        "away_yellow_cards",
        "goal_home_ft",
        "goal_away_ft",
        "sg_match_ft",
        "goal_home_ht",
        "goal_away_ht",
        "sg_match_ht",
        "home_shots_diff",
        "shooting_accuracy_home",
        "shooting_accuracy_away",
        "win"
      ],
      "z": [
        [
          1.0,
          -0.0277542977475147,
          -0.4428919848051197,
          -0.3307392827148637,
          0.04126776980664905,
          -0.17161433842395094,
          -0.10990410078828534,
          0.3028179078340173,
          -0.3689232561973354,
          -0.05299342618291948,
          0.0899839283253039,
          -0.07348956202926235,
          0.025379660785413774,
          0.10947548583420406,
          0.3307392827148637,
          -0.027271663670096757,
          0.4308555696811518,
          0.0800923744118971,
          0.2913563621943671,
          0.16951201710697905,
          -0.08741052702790152,
          -0.014257442629940026,
          -0.1194120185450201,
          0.0658968172244537,
          0.059199420096983736,
          -0.15369145124921113,
          0.14136037210697758,
          -0.1264837718522569,
          0.03846037811434382,
          -0.23708095682397132,
          0.1023935162637952
        ],
        [
          -0.0277542977475147,
          1.0,
          -0.23619945823493885,
          -0.18579139164964376,
          0.015729254896767315,
          -0.18056216146655152,
          -0.1166844630336367,
          -0.2903595849985732,
          -0.24233442410028044,
          0.44317438425444466,
          -0.14570276758291548,
          0.15814797262222444,
          0.017523788749167653,
          -0.003071142169142084,
          0.18579139164964373,
          -7.33843152516705e-05,
          -0.21072509014798635,
          -0.005967782113930179,
          -0.31842859425582465,
          0.019644004121523614,
          0.17604518126649077,
          -0.08596300392908525,
          -0.015547426952756044,
          -0.051808802229179475,
          -0.019240732408581703,
          0.009217439809849877,
          -0.019855791139938912,
          -0.07875995826009265,
          0.020056175706375728,
          0.16573613047811553,
          -0.04220885206489006
        ],
        [
          -0.4428919848051197,
          -0.23619945823493885,
          1.0,
          0.8730284396454078,
          -0.09521097074009498,
          0.42793281355396506,
          0.3440921468632388,
          -0.1756597200500445,
          0.982760403975962,
          -0.1628113897202061,
          0.06539904634319042,
          -0.09015681851128357,
          -0.01259499486379074,
          -0.5650498313384714,
          -0.8730284396454077,
          0.04256431855099934,
          -0.4955483432958991,
          -0.3047826914577493,
          0.09253085328711223,
          -0.6175372266548209,
          -0.004939984602813621,
          0.2179322002049017,
          -0.13323703421678873,
          0.23985831302133095,
          0.10400418755713928,
          -0.052111833444256496,
          0.10879401053863504,
          0.4212512814195054,
          0.023605593233020146,
          0.0530721499836081,
          0.16483116819691385
        ],
        [
          -0.3307392827148637,
          -0.18579139164964376,
          0.8730284396454078,
          1.0,
          -0.08468977561052543,
          0.4896067684281739,
          0.32053127809254794,
          -0.06051381891724299,
          0.8952741384921797,
          -0.11829598546576321,
          0.30728024369574275,
          0.13761800985819575,
          0.017417246093699507,
          -0.880098145321546,
          -1.0,
          0.08899231528947799,
          -0.34411338894556054,
          -0.29978038676665386,
          0.025364374458780644,
          -0.8987717686994328,
          0.08671796935378687,
          0.14434836031811574,
          -0.12590796597447965,
          0.18391733050085793,
          0.022013732579269408,
          -0.05676104653784784,
          0.052315953163458884,
          0.4092753677779577,
          -0.04543264523090767,
          0.03352375522376207,
          0.09226921392915337
        ],
        [
          0.04126776980664905,
          0.015729254896767315,
          -0.09521097074009498,
          -0.08468977561052543,
          1.0,
          -0.07804342774474936,
          -0.06686888577722912,
          0.013313554138248682,
          -0.10535255394354491,
          -0.0006666414310277341,
          -0.026620832246690682,
          -0.0023403016317644757,
          0.026459692750556166,
          0.0716377853388884,
          0.08468977561052544,
          0.03267475064105747,
          0.09639786191199086,
          0.10396154618646854,
          0.020730536582027385,
          0.06786439151030255,
          0.02430406225176924,
          -0.06456904052114176,
          0.10294708154858387,
          -0.11199662330955433,
          -0.029215657255367976,
          0.06109011805743732,
          -0.060311007082883936,
          -0.11065719458338213,
          -0.021337785955308344,
          -0.00622225355374488,
          -0.09048608814501508
        ],
        [
          -0.17161433842395094,
          -0.18056216146655152,
          0.42793281355396506,
          0.4896067684281739,
          -0.07804342774474936,
          1.0,
          0.6656699869739897,
          0.1261613777689068,
          0.47457335223052083,
          -0.14369854260059994,
          0.3366276452550692,
          -0.05820824285702919,
          0.0057902478983263405,
          -0.5137723352132436,
          -0.48960676842817397,
          0.11975878185073827,
          -0.16269688813404182,
          -0.1898607698170473,
          0.1404704112012052,
          -0.5087112378938774,
          -0.006383292138725364,
          0.2760577292073104,
          -0.08155235292128976,
          0.2502047319079689,
          0.10871818383527589,
          -0.05417523959502313,
          0.11353388922574797,
          0.5859382188480509,
          -0.06592621723248271,
          -0.030475006528696794,
          0.17068709577505714
        ],
        [
          -0.10990410078828534,
          -0.1166844630336367,
          0.3440921468632388,
          0.32053127809254794,
          -0.06686888577722912,
          0.6656699869739897,
          1.0,
          0.027373578857183986,
          0.3625345168859879,
          -0.13058815489311731,
          0.05653106762724184,
          -0.04781809991054349,
          0.014691123977848266,
          -0.3066835095175146,
          -0.32053127809254783,
          0.08644422109171318,
          -0.14221983214965425,
          -0.14966127776476354,
          0.0357485182238011,
          -0.3154599349667369,
          -0.009761908264648945,
          0.5802198947226763,
          -0.10450571679088001,
          0.4832274118820038,
          0.36012031688877416,
          -0.09145309142161137,
          0.3197135760453133,
          0.7975097837834374,
          0.6352709871586582,
          -0.010041805137794041,
          0.3914449485323825
        ],
        [
          0.3028179078340173,
          -0.2903595849985732,
          -0.1756597200500445,
          -0.06051381891724299,
          0.013313554138248682,
          0.1261613777689068,
          0.027373578857183986,
          1.0,
          -0.11160474156328334,
          -0.26269956634244573,
          0.27934194067555246,
